function [en, grad] = energyBig(x,delta)
%delta=1.00;
en = 2*((-x(1) + 0.939262)^2 + (x(1) - x(12))^2 + (x(1) - x(4))^2 + (-x(11) + x(8))^2 + (x(11) - x(26))^2 + (x(11) - x(65))^2 + (x(12) - x(30))^2 + (-x(13) + x(2))^2 + (x(13) - x(31))^2 + (x(13) - x(61))^2 + (-x(14) + x(3))^2 + (x(14) - x(32))^2 + (x(15) - x(21))^2 + (x(15) - x(57))^2 + (-x(16) + 0.578524)^2 + (x(16) - x(22))^2 + (x(16) - x(58))^2 + (-x(17) + x(5))^2 + (x(17) - x(23))^2 + (x(17) - x(59))^2 + (-x(18) + 0.389262)^2 + (x(18) - x(24))^2 + (x(18) - x(54))^2 + (-x(19) + 0.578524)^2 + (x(19) - x(25))^2 + (-x(20) + 0.98557)^2 + (x(20) - x(26))^2 + (x(20) - x(56))^2 + (-x(2) + 0.578524)^2 + (x(2) - 0.578524)^2 + (x(21) - x(63))^2 + (x(22) - x(64))^2 + (-x(23) + x(50))^2 + (x(23) - x(65))^2 + (-x(24) + x(9))^2 + (x(24) - x(51))^2 + (-x(25) + x(10))^2 + (x(25) - x(52))^2 + (x(26) - x(53))^2 + (-x(27) + 0.389262)^2 + (x(27) - x(30))^2 + (x(27) - x(54))^2 + (-x(28) + 0.578524)^2 + (x(28) - x(31))^2 + (x(28) - x(55))^2 + (-x(29) + 0.98557)^2 + (x(29) - x(56))^2 + (x(30) - x(45))^2 + (x(3) - x(5))^2 + (x(31) - x(46))^2 + (x(32) - x(47))^2 + (-x(33) + x(39))^2 + (x(33) - x(36))^2 + (x(34) - x(37))^2 + (x(34) - x(49))^2 + (-x(35) + x(41))^2 + (x(35) - x(38))^2 + (x(35) - x(50))^2 + (x(36) - x(42))^2 + (x(36) - x(51))^2 + (x(37) - x(43))^2 + (x(38) - x(44))^2 + (x(38) - x(53))^2 + (-x(39) + x(42))^2 + (x(39) - x(45))^2 + (x(4) - x(6))^2 + (x(41) - x(47))^2 + (x(42) - x(54))^2 + (x(43) - x(55))^2 + (x(44) - x(56))^2 + (x(45) - x(60))^2 + (x(46) - x(61))^2 + (-x(49) + x(58))^2 + (-x(50) + x(59))^2 + (x(5) - x(8))^2 + (x(51) - x(63))^2 + (x(52) - x(64))^2 + (x(53) - x(65))^2 + (x(57) - x(60))^2 + (x(58) - x(61))^2 + (-x(6) + 0.939262)^2 + (x(6) - x(9))^2 + (-x(64) + x(10))^2 + 2*(-x(7) + 0.578524)^2 + (x(7) - x(10))^2 + (-x(8) + 0.98557)^2 + (-delta + x(12) - x(60))^2 + (-delta - x(15) + x(4))^2 + (-delta - x(21) + x(48))^2 + (-delta - x(63) + x(9))^2 + (delta + x(33) - x(48))^2 + (delta - x(48) + x(57))^2 + (x(14) - x(62) + x(67))^2 + (x(19) - x(55) - x(66))^2 + (-x(22) + x(49) + x(66))^2 + (x(29) - x(32) - x(67))^2 + (-x(3) - x(67) + 0.98557)^2 + (-x(34) + x(40) - x(66))^2 + (x(37) - x(52) + x(66))^2 + (-x(40) + x(43) + x(66))^2 + (x(40) - x(46) - x(66))^2 + (-x(41) + x(44) - x(67))^2 + (x(47) - x(62) + x(67))^2 + (x(59) - x(62) + x(67))^2);
grad = [6*x(1) - 2*x(12) - 2*x(4) - 1.878524, -2*x(13) + 6*x(2) - 2.314096, -2*x(14) + 6*x(3) - 2*x(5) + 2*x(67) - 1.97114, -2*delta - 2*x(1) - 2*x(15) + 6*x(4) - 2*x(6), -2*x(17) - 2*x(3) + 6*x(5) - 2*x(8), -2*x(4) + 6*x(6) - 2*x(9) - 1.878524, 6*x(7) - 2*x(10) - 2.314096, -2*x(11) - 2*x(5) + 6*x(8) - 1.97114, -2*delta - 2*x(24) - 2*x(6) - 2*x(63) + 6*x(9), -2*x(25) - 2*x(64) - 2*x(7) + 6*x(10), 6*x(11) - 2*x(26) - 2*x(65) - 2*x(8), -2*delta - 2*x(1) + 6*x(12) - 2*x(30) - 2*x(60), 6*x(13) - 2*x(2) - 2*x(31) - 2*x(61), 6*x(14) - 2*x(3) - 2*x(32) - 2*x(62) + 2*x(67), 2*delta + 6*x(15) - 2*x(21) - 2*x(4) - 2*x(57), 6*x(16) - 2*x(22) - 2*x(58) - 1.157048, 6*x(17) - 2*x(23) - 2*x(5) - 2*x(59), 6*x(18) - 2*x(24) - 2*x(54) - 0.778524, 6*x(19) - 2*x(25) - 2*x(55) - 2*x(66) - 1.157048, 6*x(20) - 2*x(26) - 2*x(56) - 1.97114, 2*delta - 2*x(15) + 6*x(21) - 2*x(48) - 2*x(63), -2*x(16) + 6*x(22) - 2*x(49) - 2*x(64) - 2*x(66), -2*x(17) + 6*x(23) - 2*x(50) - 2*x(65), -2*x(18) + 6*x(24) - 2*x(51) - 2*x(9), -2*x(19) + 6*x(25) - 2*x(52) - 2*x(10), -2*x(11) - 2*x(20) + 6*x(26) - 2*x(53), 6*x(27) - 2*x(30) - 2*x(54) - 0.778524, 6*x(28) - 2*x(31) - 2*x(55) - 1.157048, 6*x(29) - 2*x(32) - 2*x(56) - 2*x(67) - 1.97114, -2*x(12) - 2*x(27) + 6*x(30) - 2*x(45), -2*x(13) - 2*x(28) + 6*x(31) - 2*x(46), -2*x(14) - 2*x(29) + 6*x(32) - 2*x(47) + 2*x(67), 2*delta + 6*x(33) - 2*x(36) - 2*x(39) - 2*x(48), 6*x(34) - 2*x(37) - 2*x(40) - 2*x(49) + 2*x(66), 6*x(35) - 2*x(38) - 2*x(41) - 2*x(50), -2*x(33) + 6*x(36) - 2*x(42) - 2*x(51), -2*x(34) + 6*x(37) - 2*x(43) - 2*x(52) + 2*x(66), -2*x(35) + 6*x(38) - 2*x(44) - 2*x(53), -2*x(33) + 6*x(39) - 2*x(42) - 2*x(45), -2*x(34) + 6*x(40) - 2*x(43) - 2*x(46) - 6*x(66), -2*x(35) + 6*x(41) - 2*x(44) - 2*x(47) + 2*x(67), -2*x(36) - 2*x(39) + 6*x(42) - 2*x(54), -2*x(37) - 2*x(40) + 6*x(43) - 2*x(55) + 2*x(66), -2*x(38) - 2*x(41) + 6*x(44) - 2*x(56) - 2*x(67), -2*x(30) - 2*x(39) + 6*x(45) - 2*x(60), -2*x(31) - 2*x(40) + 6*x(46) - 2*x(61) + 2*x(66), -2*x(32) - 2*x(41) + 6*x(47) - 2*x(62) + 2*x(67), -6*delta - 2*x(21) - 2*x(33) + 6*x(48) - 2*x(57), -2*x(22) - 2*x(34) + 6*x(49) - 2*x(58) + 2*x(66), -2*x(23) - 2*x(35) + 6*x(50) - 2*x(59), -2*x(24) - 2*x(36) + 6*x(51) - 2*x(63), -2*x(25) - 2*x(37) + 6*x(52) - 2*x(64) - 2*x(66), -2*x(26) - 2*x(38) + 6*x(53) - 2*x(65), -2*x(18) - 2*x(27) - 2*x(42) + 6*x(54), -2*x(19) - 2*x(28) - 2*x(43) + 6*x(55) + 2*x(66), -2*x(20) - 2*x(29) - 2*x(44) + 6*x(56), 2*delta - 2*x(15) - 2*x(48) + 6*x(57) - 2*x(60), -2*x(16) - 2*x(49) + 6*x(58) - 2*x(61), -2*x(17) - 2*x(50) + 6*x(59) - 2*x(62) + 2*x(67), 2*delta - 2*x(12) - 2*x(45) - 2*x(57) + 6*x(60), -2*x(13) - 2*x(46) - 2*x(58) + 6*x(61), -2*x(14) - 2*x(47) - 2*x(59) + 6*x(62) - 6*x(67), 2*delta - 2*x(21) - 2*x(51) + 6*x(63) - 2*x(9), -2*x(22) - 2*x(52) + 6*x(64) - 2*x(10), -2*x(11) - 2*x(23) - 2*x(53) + 6*x(65), -2*x(19) - 2*x(22) + 2*x(34) + 2*x(37) - 6*x(40) + 2*x(43) + 2*x(46) + 2*x(49) - 2*x(52) + 2*x(55) + 12*x(66), 2*x(14) - 2*x(29) + 2*x(3) + 2*x(32) + 2*x(41) - 2*x(44) + 2*x(47) + 2*x(59) - 6*x(62) + 12*x(67) - 1.97114];




end